id x y terminal prize
0 0.0 0.0 
49951 -10153.7 -72.185 
28018 -9599.67 -106.185
22046 -9508.17 -1266.76
3854 -9380.74 1108.23
53203 -9188.17 -802.535
25441 -9139.74 617.015
30275 -8787.67 -105.185
7092 -8293.22 -2410.3
31153 -8289.22 -2406.3
11016 -8275.22 -2392.3
29061 -8291.22 -2408.3
55993 -8292.22 -2409.3
41251 -8300.22 -2417.3
8198 -8284.22 -2401.3
13164 -8276.22 -2393.3
44347 -8277.22 -2394.3
14665 -8273.22 -2390.3
25367 -8227.29 3566.75
33082 -8223.29 3570.75
7082 -8278.29 3515.75
62042 -8261.29 3532.75
4336 -8281.29 3512.75
55166 -8265.29 3528.75
49415 -8277.29 3516.75
9976 -8282.5 2426.75
20018 -8277.5 2431.75
6113 -8280.5 2428.75
12407 -8266.5 2442.75
25682 -8274.5 2434.75
49571 -8273.5 2435.75
57953 -8268.5 2440.75
4940 -8252.5 2456.75
23038 -8264.5 2444.75
51559 -8100.71 -1402.31
54667 -8121.71 -1423.31
18990 -8109.71 -1411.31
48282 -8104.71 -1406.31
16754 -8108.71 -1410.31
39761 -8106.71 -1408.31
37639 -8105.71 -1407.31
47427 -8125.71 -1427.31
42917 -8112.71 -1414.31
40645 -8083.84 1371.17
46127 -8096.84 1358.17
20966 -8102.84 1352.17
8500 -8092.84 1362.17
30547 -8108.84 1346.17
15163 -8080.84 1374.17
57266 -8050.84 1404.17
38023 -8046.84 1408.17
16703 -8087.84 1367.17
58556 -8037.65 -734.625
31961 -8037.65 649.555
26712 -8022.67 -25.185
35288 -8026.67 -29.185
19732 -7992.94 -3226.1
35260 -7943.34 -3859.58
38989 -7889.34 -3805.58
26481 -7942.34 -3858.58
41190 -7940.34 -3856.58
19103 -7948.34 -3864.58
15046 -7926.34 -3842.58
4177 -7875.34 -3791.58
29106 -7932.34 -3848.58
25332 -7934.34 -3850.58
26270 -7671.71 -3403.6
60472 -7671.71 -2419.3
23027 -7671.71 -1435.31
44202 -7671.71 -734.625
29353 -7671.71 6.815
63282 -7627.71 200.555
59928 -7671.71 1342.17
63723 -7671.71 2423.75
5233 -7671.71 3504.75
44922 -7644.75 4026.99
48813 -7660.75 4010.99
10851 -7668.75 4002.99
861 -7652.75 4018.99
60619 -7358.21 -5338.31
20467 -7377.21 -5357.31
5068 -7375.21 -5355.31
18379 -7381.21 -5361.31
39657 -7383.21 -5363.31
24677 -7366.21 -5346.31
61950 -7374.21 -5354.31
27134 -7373.21 -5353.31
44624 -7313.25 2043.3
31604 -7319.25 2037.3
25796 -7335.25 2021.3
26023 -7325.25 2031.3
864 -7319.25 2862.3
61388 -7325.25 2856.3
24858 -7313.25 2868.3
42900 -7261.03 -281.535
24157 -7273.03 -293.535
53757 -7283.03 -303.535
58831 -7230.56 748.555
56355 -7240.56 738.555
39023 -7236.56 742.555
37501 -7220.56 758.555
15678 -7224.56 754.555
65159 -7186.51 -4854.57
31520 -7180.51 -4848.57
4300 -7192.51 -4860.57
63635 -7176.51 -4844.57
35910 -7170.51 -4838.57
11190 -7164.51 -4832.57
22472 -7139.5 -3662.79
57167 -7131.5 -3654.79
28076 -7147.5 -3670.79
51108 -7155.5 -3678.79
30302 -6905.5 1355.86
2219 -6889.5 1371.86
48822 -6913.5 1347.86
44429 -6905.5 1805.43
30380 -6889.5 1821.43
53118 -6897.5 1813.43
38508 -6907.5 2429.91
48109 -6887.5 2449.91
37326 -6913.5 2423.91
62429 -6891.5 2445.91
62363 -6903.5 2433.91
62017 -6905.5 3076.9
55676 -6889.5 3092.9
33287 -6913.5 3068.9
12247 -6897.5 3530.58
56359 -6905.5 3522.58
7285 -6889.5 3538.58
40766 -6884.83 -2402.3
37999 -6890.83 -2408.3
11730 -6880.83 -2398.3
34173 -6896.83 -2414.3
27575 -6868.83 -2386.3
34171 -6874.83 -2392.3
46636 -6818.96 -724.625
21929 -6802.96 -708.625
38836 -6796.96 -702.625
27137 -6824.96 -730.625
38906 -6812.96 -718.625
40508 -6810.83 -3254.82
46897 -6788.83 -3232.82
35958 -6800.83 -3244.82
36949 -6788.83 -1543.6
6712 -6800.83 -1555.6
10031 -6810.83 -1565.6
50570 -6747.96 6.815
55854 -6745.96 451.815
1572 -6739.96 457.815
47421 -6735.96 461.815
38538 -6719.96 477.815
23760 -6723.96 473.815
26564 -6729.96 467.815
41970 -6747.23 -5354.48
64210 -6747.23 -5004.88
57279 -6721.77 5117.78
5916 -6702.71 -6035.94
4713 -6694.71 -6027.94
6245 -6686.71 -6019.94
29049 -6678.71 -6011.94
5935 -6634.6 -4442.34
9392 -6662.6 -4470.34
32932 -6654.6 -4462.34
21974 -6646.6 -4454.34
25831 -6640.6 -4448.34
3644 -6469.34 4904.94
2957 -6372.34 4499.6
64221 -6356.34 4515.6
39678 -6368.34 4503.6
54629 -6384.34 4487.6
35070 -6293.13 8430.24
40776 -6219.44 -3567.34
53018 -6215.44 -3563.34
15973 -6209.44 -3557.34
19679 -6225.44 -3573.34
59070 -6231.44 -3579.34
21389 -6203.44 -3551.34
58218 -6170.4 -4847.83
5743 -6162.4 -4839.83
9386 -6154.4 -4831.83
14057 -6178.4 -4855.83
22285 -6152.23 2423.75
64395 -6141.77 -6635.11
34327 -6117.77 -6611.11
53945 -6145.77 -6639.11
45486 -6134.77 -6628.11
15716 -6140.77 -6634.11
22728 -6124.77 -6618.11
46672 -6130.77 -6624.11
56094 -6121.77 -6615.11
7444 -6150.77 -6037.94
29199 -6143.53 -2418.83
63422 -6110.48 3862.94
28311 -6118.48 3854.94
62108 -6126.48 3846.94
7374 -6067.53 -292.175
3533 -6051.53 -276.175
11088 -6043.53 -268.175
65108 -6059.53 -284.175
40114 -6063.06 -8237.17
39713 -6031.23 -812.845
2550 -6016.25 442.415
54396 -6010.25 448.415
1550 -5992.25 466.415
25168 -6004.25 454.415
5430 -6000.25 458.415
53987 -5951.07 6082.29
11792 -5945.07 6088.29
47426 -5941.07 6092.29
10594 -5957.07 6076.29
57992 -5929.07 6104.29
31257 -5935.07 6098.29
44941 -5947.98 873.375
25531 -5897.61 4930.94
19884 -5919.61 4908.94
49772 -5907.61 4920.94
46842 -5830.88 -5680.01
63398 -5848.88 -5698.01
36452 -5842.88 -5692.01
42343 -5843.81 -3755.02
19919 -5747.73 -4470.34
62767 -5741.73 -4464.34
63138 -5735.73 -4458.34
55743 -5719.73 -4442.34
6967 -5727.73 -4450.34
58355 -5739.1 8396.24
16756 -5657.33 4098.38
30251 -5665.33 4090.38
7440 -5649.33 4106.38
31931 -5615.23 -1853.57
15064 -5595.23 -1833.57
15631 -5659.23 -812.845
50422 -5615.23 -442.185
44967 -5659.23 -381.175
10221 -5659.23 646.855
6446 -5655.23 1799.43
55649 -5595.23 1859.43
53793 -5595.23 3130.9
40653 -5615.23 3110.9
10575 -5586.53 -2886.04
58402 -5646.53 -2946.04
27475 -5580.6 9583.81
55706 -5509.05 -8271.17
40291 -5491.19 -5072.28
885 -5499.19 -5080.28
37163 -5507.19 -5088.28
24324 -5483.19 -5064.28
59728 -5465.32 -3139.18
62303 -5465.32 -1675.85
43822 -5442.9 5545.0
2411 -5450.9 5537.0
35992 -5434.9 5553.0
5126 -5458.9 5529.0
14930 -5460.9 6072.29
23090 -5460.9 6443.29
48713 -5405.29 -6094.94
7898 -5401.29 -6090.94
35685 -5419.29 -6108.94
18361 -5417.56 -9431.75
32245 -5370.94 -159.685
50197 -5370.94 173.315
34130 -5335.15 1822.43
14606 -5359.15 1798.43
10282 -5349.15 1808.43
39786 -5337.15 1820.43
35663 -5343.15 1814.43
64077 -5362.15 1795.43
60169 -5333.15 1824.43
2454 -5353.15 1804.43
38777 -5351.15 1806.43
6718 -5351.15 3077.9
31928 -5333.15 3095.9
61868 -5353.15 3075.9
10542 -5359.15 3069.9
31033 -5343.15 3085.9
37884 -5335.15 3093.9
32482 -5337.15 3091.9
59861 -5349.15 3079.9
65308 -5362.15 3066.9
64166 -5339.6 9092.58
64426 -5257.06 -538.815
62214 -5277.06 -558.815
1593 -5261.06 -542.815
20832 -5273.06 -554.815
41599 -5259.26 -1045.92
55926 -5255.26 -1041.92
1761 -5271.26 -1057.92
36859 -5275.26 -1061.92
50225 -5248.9 892.215
24155 -5240.9 900.215
15086 -5264.9 876.215
55772 -5256.9 884.215
30693 -5226.5 -2399.83
33435 -5245.5 -2418.83
44799 -5236.5 -2409.83
58453 -5232.5 -2405.83
21262 -5216.5 -2389.83
12536 -5220.5 -2393.83
54694 -5242.5 -2415.83
26661 -5097.54 -8967.51
57923 -5062.67 4797.86
46756 -5074.67 4785.86
17038 -5066.67 4793.86
38922 -5056.67 4803.86
56982 -5080.67 4779.86
53677 -4936.51 -4066.61
24824 -4924.51 -4054.61
9505 -4930.51 -4060.61
42668 -4946.51 -4076.61
43689 -4940.51 -4070.61
28650 -4933.1 8391.24
54144 -4932.88 -5512.94
57457 -4914.88 -5494.94
13573 -4908.88 -5488.94
31619 -4922.88 -5502.94
39743 -4926.88 -5506.94
61308 -4842.44 -2966.88
40927 -4854.44 -2978.88
15365 -4864.44 -2988.88
46726 -4842.19 -1784.16
38516 -4854.19 -1796.16
31819 -4864.19 -1806.16
6289 -4831.65 5559.02
48287 -4839.65 5551.02
5197 -4855.65 5535.02
64587 -4847.65 5543.02
14767 -4861.61 6155.29
65112 -4845.61 6171.29
14384 -4839.61 6177.29
25781 -4835.61 6181.29
13922 -4853.61 6163.29
19261 -4800.63 522.5550000000001
64181 -4808.63 514.5550000000001
49445 -4784.63 538.5550000000001
224 -4790.63 532.5550000000001
43833 -4796.63 526.5550000000001
6764 -4703.38 -4463.03
40366 -4691.38 -4451.03
21048 -4735.51 -829.655
10555 -4739.51 -833.655
46471 -4753.51 -847.655
6359 -4732.79 -325.645
7335 -4716.79 -309.645
21413 -4704.79 -297.645
3167 -4720.79 -313.645
30160 -4710.84 4009.44
1252 -4694.84 4025.44
65456 -4686.84 4033.44
43989 -4691.05 -8264.17
63425 -4612.05 -7241.92
37898 -4500.6 9120.58
63963 -4498.71 -4789.69
58763 -4492.71 -4783.69
32455 -4508.71 -4799.69
7153 -4520.71 -4811.69
18901 -4476.59 7770.0
62319 -4480.59 7766.0
17735 -4435.9 -3443.04
49254 -4435.9 -2998.88
15599 -4417.9 -2400.83
44529 -4433.9 -2416.83
41472 -4408.9 -2391.83
61471 -4414.9 -2397.83
1203 -4402.9 -2385.83
6237 -4425.9 -2408.83
26866 -4435.9 -1816.16
44908 -4435.9 -1404.57
2913 -4435.9 -709.355
50862 -4435.9 6.815
44606 -4435.9 646.855
58449 -4435.9 1795.43
39768 -4403.9 2455.88
32739 -4415.9 2443.88
61198 -4425.9 2433.88
20551 -4431.9 2427.88
5152 -4419.9 2439.88
12795 -4409.9 2449.88
24383 -4435.9 3066.9
49412 -4435.9 3559.9
26523 -4435.88 1302.43
52502 -4384.06 -7564.06
20987 -4388.06 -7568.06
12246 -4382.35 -6632.4
43061 -4378.35 -6628.4
27323 -4372.35 -6622.4
22577 -4358.35 -6608.4
6770 -4366.35 -6616.4
36915 -4350.9 -4082.61
34880 -4334.9 -4066.61
10904 -4328.9 -4060.61
55563 -4338.9 -4070.61
1609 -4344.9 -4076.61
13201 -4282.55 -8963.51
27119 -4258.21 6729.31
29797 -4242.21 6745.31
18009 -4236.21 6751.31
2092 -4232.21 6755.31
25175 -4248.21 6739.31
53791 -4252.21 6735.31
34400 -4260.21 7475.25
15438 -4219.69 4074.64
8426 -4247.69 4046.64
29034 -4241.69 4052.64
35436 -4233.69 4060.64
24720 -4251.69 4569.36
487 -4251.69 4940.36
5103 -4249.69 5412.96
37895 -4241.69 5420.96
14001 -4233.69 5428.96
36678 -4247.05 -7237.92
48128 -4212.59 9552.8
42800 -4155.84 4548.85
21650 -4173.53 270.545
22702 -4091.19 -5815.48
53957 -4095.19 -5819.48
24229 -4107.19 -5831.48
4977 -4101.19 -5825.48
7956 -4057.55 -9470.75
27308 -4014.79 -624.355
54267 -3990.79 -600.355
23185 -3998.79 -608.355
43133 -4006.79 -616.355
9995 -3898.29 5883.8
12769 -3888.29 5893.8
34513 -3904.29 5877.8
63033 -3882.29 5899.8
41082 -3910.29 5871.8
33718 -3894.29 5887.8
20077 -3866.75 -7956.17
39986 -3876.75 -7966.17
42436 -3854.75 -7944.17
7162 -3799.42 4966.36
9695 -3823.42 4942.36
42009 -3815.42 4950.36
7828 -3797.85 1813.43
40535 -3789.85 1821.43
30335 -3813.85 1797.43
32480 -3805.85 1805.43
15868 -3805.85 3076.9
36047 -3813.85 3068.9
63048 -3789.85 3092.9
50264 -3797.85 3084.9
4568 -3786.01 -2507.44
420 -3776.01 -2497.44
9294 -3782.01 -2503.44
33923 -3792.01 -2513.44
59005 -3798.01 -2519.44
61217 -3770.01 -2491.44
29005 -3790.01 -1802.02
39631 -3784.01 -1796.02
17251 -3778.01 -1790.02
31758 -3774.01 -1786.02
42837 -3800.01 -1812.02
23456 -3794.01 -1806.02
61050 -3788.1 7841.07
64024 -3794.1 7835.07
35053 -3768.1 7861.07
43514 -3776.1 7853.07
57839 -3784.1 7845.07
33740 -3783.27 -62.185
15405 -3771.27 -50.185
30439 -3748.86 7189.94
8879 -3732.86 7205.94
14419 -3740.86 7197.94
23881 -3724.95 1799.43
9511 -3718.95 1805.43
56029 -3718.68 -5991.33
35556 -3660.96 -1853.57
39916 -3666.96 -1859.57
5462 -3663.95 -7113.4
7364 -3635.95 -7085.4
65273 -3649.95 -7099.4
651 -3595.0 -4048.11
9149 -3605.0 -4058.11
43057 -3592.0 -4045.11
3398 -3585.0 -4038.11
11820 -3610.0 -4063.11
12250 -3528.19 -5325.88
38701 -3508.19 -5305.88
18767 -3512.19 -5309.88
48298 -3524.19 -5321.88
14151 -3473.53 -2926.04
27564 -3493.53 -2946.04
6981 -3460.79 3090.9
36543 -3440.79 3110.9
35724 -3464.58 -2322.24
17352 -3464.58 -1816.16
33988 -3452.99 1795.43
13009 -3446.18 -3776.55
5456 -3429.43 -6158.33
19897 -3370.09 -7989.44
43716 -3348.09 -7967.44
34144 -3342.09 -7961.44
52412 -3354.09 -7973.44
4247 -3364.09 -7983.44
17412 -3358.09 -7977.44
23215 -3330.7 -4748.17
54954 -3350.7 -4768.17
4854 -3340.7 -4758.17
14056 -3326.22 5867.8
34601 -3326.16 5524.46
45341 -3300.55 4267.75
6043 -3279.55 4288.75
50340 -3310.55 4257.75
60031 -3293.55 4274.75
5065 -3288.55 4279.75
22627 -3303.02 2466.05
11700 -3213.22 6325.76
50969 -3225.22 6313.76
20835 -3235.22 6303.76
59494 -3206.83 4958.36
16380 -3214.83 4950.36
2225 -3198.83 4966.36
63447 -3139.95 -6868.09
39841 -3025.95 -6754.09
20844 -3132.96 -7381.31
62217 -3158.96 -7407.31
56066 -3152.96 -7401.31
54043 -3142.96 -7391.31
30926 -3148.96 -7397.31
63944 -3136.96 -7385.31
34423 -3150.96 -6674.88
48118 -3142.96 -6666.88
25970 -3158.96 -6682.88
65107 -3063.03 6973.05
60153 -3041.03 6995.05
16860 -3053.03 6983.05
18025 -3037.77 5690.96
22088 -2977.96 -5896.81
46340 -2956.77 -5001.88
31080 -2848.21 3590.58
29033 -2843.77 -5426.98
51954 -2855.77 -5438.98
29861 -2865.77 -5448.98
63965 -2804.03 -1596.01
20228 -2810.03 -1602.01
61525 -2837.03 -1629.01
50904 -2803.29 1663.43
47175 -2824.29 1642.43
31628 -2797.29 1669.43
34098 -2804.43 -4229.06
22703 -2798.83 4940.36
24914 -2783.94 7475.25
10016 -2758.94 8114.25
1909 -2772.94 8100.25
8533 -2780.94 8092.25
11515 -2754.94 8118.25
35362 -2756.94 8116.25
56381 -2774.94 8098.25
49318 -2770.94 8102.25
57257 -2783.75 6053.8
40907 -2734.74 4320.61
23659 -2701.05 -6976.28
367 -2691.05 -6966.28
33864 -2695.05 -6970.28
35706 -2685.05 -6960.28
50029 -2677.05 -6952.28
27301 -2686.66 3781.86
64816 -2672.66 3795.86
6884 -2660.66 3807.86
34959 -2664.66 3803.86
27140 -2678.66 3789.86
21330 -2612.79 -3716.47
39648 -2624.79 -3728.47
17821 -2602.79 -3706.47
48556 -2560.74 -8120.04
56671 -2545.74 -8105.04
47949 -2546.74 -8106.04
48971 -2549.74 -8109.04
29629 -2561.74 -8121.04
26620 -2532.74 -8092.04
44362 -2533.74 -8093.04
64401 -2560.75 -6025.56
55558 -2552.75 -6017.56
51748 -2544.75 -6009.56
42760 -2444.75 -5497.56
7938 -2532.75 -5585.56
55332 -2430.75 -5483.56
14021 -2556.75 -5609.56
38664 -2467.38 6998.19
56460 -2459.38 7006.19
61636 -2479.38 6986.19
37647 -2487.38 6978.19
26294 -2459.59 5411.8
17833 -2433.59 5437.8
11568 -2437.59 5433.8
23199 -2443.59 5427.8
60887 -2453.59 5417.8
13273 -2449.59 5421.8
6741 -2461.59 5867.8
13498 -2451.59 6335.8
53292 -2435.59 6351.8
40841 -2459.59 6327.8
9194 -2443.59 6343.8
60398 -2451.83 -4127.28
5591 -2416.03 -5070.88
34478 -2404.03 -5058.88
23690 -2426.03 -5080.88
43374 -2374.68 4211.38
60648 -2350.83 -4519.58
42981 -2354.83 -4523.58
53802 -2368.83 -4537.58
24256 -2285.98 283.205
34906 -2303.98 265.205
41026 -2299.98 269.205
4270 -2181.7 -7166.59
64355 -2185.7 -7170.59
52655 -2169.7 -7154.59
35035 -2197.7 -7182.59
12379 -2181.7 -6655.31
44183 -2185.7 -6659.31
7555 -2199.7 -6673.31
17818 -2139.43 5681.8
30733 -2117.03 3624.16
49178 -2107.03 3634.16
17569 -2033.84 -5642.58
33779 -2061.84 -5670.58
45366 -2045.84 -5654.58
20142 -2049.84 -5658.58
44562 -2039.84 -5648.58
47251 -2043.53 -3595.27
7388 -2033.53 -3585.27
16775 -2001.31 -456.185
46910 -1987.31 -442.185
50858 -1988.53 4814.63
61602 -2010.53 4792.63
15451 -1998.53 4804.63
59306 -1917.18 -412.685
34207 -1923.18 -418.685
19609 -1927.18 -422.685
45803 -1933.18 -428.685
28878 -1911.18 -406.685
42637 -1894.09 7014.44
30030 -1918.09 6990.44
29543 -1902.09 7006.44
26096 -1910.09 6998.44
22062 -1845.16 -4755.42
15081 -1841.16 -4751.42
7688 -1859.16 -4769.42
53558 -1849.8 4019.26
2355 -1827.8 4041.26
57900 -1841.8 4027.26
37800 -1807.09 7975.92
29547 -1829.09 7953.92
4378 -1835.09 7947.92
35507 -1813.09 7969.92
22356 -1821.09 7961.92
30691 -1834.27 4378.42
50515 -1806.14 6223.85
56370 -1778.14 6251.85
27605 -1794.14 6235.85
6139 -1790.14 6239.85
1340 -1784.14 6245.85
31875 -1780.16 -4359.11
50288 -1713.47 190.315
54657 -1625.17 -6330.73
34157 -1617.17 -6322.73
9432 -1633.17 -6338.73
24865 -1545.59 5867.8
10490 -1525.86 -1550.64
33479 -1513.86 -1538.64
25714 -1494.91 -1811.14
26960 -1466.91 -1783.14
45680 -1488.91 -1805.14
25237 -1482.91 -1799.14
10835 -1478.91 -1795.14
47312 -1468.2 -1233.14
55866 -1448.2 -1213.14
45317 -1458.2 -1223.14
61262 -1363.09 7539.25
13714 -1383.81 837.705
19939 -1389.81 831.705
62021 -1369.81 851.705
65034 -1373.81 847.705
65167 -1385.81 835.705
15073 -1399.81 821.705
55485 -1377.81 843.705
12702 -1393.81 827.705
4397 -1378.34 -4501.31
29292 -1369.82 1947.77
27718 -1349.82 1967.77
12809 -1359.82 1957.77
12888 -1356.71 -7910.98
16954 -1352.71 -7906.98
12783 -1346.71 -7900.98
9261 -1340.71 -7894.98
63976 -1358.94 -779.755
21958 -1325.78 -6741.07
33755 -1333.78 -6749.07
14936 -1349.78 -6765.07
63027 -1268.48 6251.85
65400 -1296.48 6223.85
36200 -1280.48 6239.85
34973 -1284.48 6235.85
46111 -1245.54 -20.685
32901 -1253.54 -28.685
32314 -1269.54 -44.685
34591 -1261.54 -36.685
10661 -1236.65 7729.86
476 -1235.43 4563.27
44184 -1081.71 -7490.3
38148 -1067.84 -5356.29
12852 -1069.84 -5358.29
4184 -1053.84 -5342.29
44983 -1039.84 -5328.29
34661 -1045.84 -5334.29
44955 -1061.84 -5350.29
58604 -1070.84 -5359.29
30225 -1072.84 -5361.29
1031 -1071.71 -6040.67
1325 -1033.19 6728.11
29933 -1055.19 6706.11
31471 -1043.19 6718.11
12926 -1017.52 1491.77
24083 -966.805 7475.25
18359 -808.765 -1973.44
21973 -824.765 -1989.44
34306 -832.765 -1997.44
45175 -828.505 -1587.95
24362 -802.165 -6757.07
29781 -810.165 -6765.07
60388 -794.165 -6749.07
38450 -767.325 -433.995
5560 -761.325 -427.995
51291 -765.325 -431.995
26740 -744.325 -410.995
38048 -754.325 -420.995
55906 -750.325 -416.995
37690 -760.325 -426.995
48423 -766.325 -432.995
6204 -738.325 -404.995
13191 -749.605 -1233.14
7614 -729.605 -1213.14
1006 -739.605 -1223.14
38789 -732.375 -8072.92
61804 -721.375 -8061.92
14040 -717.375 -8057.92
18715 -715.375 -8055.92
31462 -714.375 -8054.92
10893 -713.375 -8053.92
13559 -722.375 -8062.92
8624 -726.375 -8066.92
11924 -738.375 -8078.92
60501 -709.375 -8049.92
34666 -700.985 5417.71
43303 -710.985 5407.71
30842 -716.985 5401.71
36972 -706.985 5411.71
43412 -722.985 5395.71
57061 -629.365 1975.74
22061 -649.365 1955.74
5289 -639.365 1965.74
34009 -647.025 4732.29
34031 -646.775 5870.29
19140 -612.805 7981.77
7786 -622.805 7971.77
55648 -626.805 7967.77
46291 -618.805 7975.77
544 -620.805 7973.77
61039 -614.805 7979.77
11431 -604.805 7989.77
30825 -606.805 7987.77
63150 -610.805 7983.77
62662 -612.505 370.315
17674 -616.505 366.315
13782 -608.505 374.315
40867 -531.785 4041.51
42911 -597.785 3975.51
1696 -565.635 1286.79
25732 -573.635 1278.79
63933 -589.635 1262.79
46578 -520.565 2175.26
28330 -586.565 2109.26
49109 -536.365 6731.85
17566 -548.365 6719.85
21435 -558.365 6709.85
10073 -493.985 7232.78
49147 -515.985 7210.78
49416 -505.985 7220.78
36542 -376.865 -4333.48
37569 -392.865 -4349.48
39211 -448.595 4107.110000000001
51856 -458.595 4097.110000000001
48513 -454.595 4101.110000000001
5612 -470.595 4085.11
37403 -443.405 -7124.35
2474 -437.405 -7118.35
55804 -465.405 -7146.35
40075 -407.445 -6333.13
49534 -415.445 -6341.13
42485 -399.445 -6325.13
7918 -391.445 -6317.13
19782 -268.375 5229.73
12236 -252.375 5245.73
46730 -258.375 5239.73
25324 -264.375 5233.73
49538 -274.375 5223.73
32431 14.825 -8109.6
49588 12.825 -8111.6
36121 16.825 -8107.6
55647 22.825 -8101.6
57362 20.825 -8103.6
61264 8.825 -8115.6
46469 6.825 -8117.6
11645 4.825 -8119.6
56716 24.825 -8099.6
15117 -0.1749999999999998 -6763.07
53279 11.825 -6751.07
20528 21.825 -6741.07
8302 15.825 -6747.07
56158 27.825 -6735.07
4367 -4.055 -7490.3
19635 -0.05499999999999972 -5542.94
38900 17.945 -4479.31
38805 11.945 -4485.31
21075 14.945 -4482.31
15711 24.945 -4472.31
1957 90.945 -4406.31
739 96.945 -4400.31
18866 102.945 -4394.31
53493 120.945 -4376.31
27929 37.945 -4459.31
59650 61.945 -4435.31
6949 48.945 -4448.31
19374 54.945 -4442.31
55643 42.945 -4454.31
2292 3.945 -4493.31
48362 23.945 -4473.31
27203 -2.055 -4499.31
27611 1.945 -4495.31
40637 43.945 -4453.31
9650 55.945 -4441.31
60554 75.945 -4421.31
32024 3.945 -4493.31
25222 49.945 -4447.31
11420 109.945 -4387.31
44723 135.945 -4361.31
1346 129.945 -4367.31
16790 130.945 -4366.31
21934 103.945 -4393.31
36774 91.945 -4405.31
17579 97.945 -4399.31
33296 85.945 -4411.31
11659 7.945 -4489.31
11128 19.945 -4477.31
8135 13.945 -4483.31
57226 0.9450000000000003 -3174.89
57264 28.945 -3146.89
54447 -4.055 -3179.89
18302 26.415 4756.29
25933 14.415 4744.29
48438 20.415 4750.29
50360 30.415 4760.29
28265 10.415 4740.29
54776 4.415 4734.29
39725 19.665 3205.39
50986 2.665 3188.39
47389 23.665 3209.39
35568 3.665 4117.94
59718 11.665 4125.94
50306 7.665 4121.94
56001 2.665 5870.29
16544 2.665 7475.25
60090 12.435 -1638.64
14211 30.435 -1620.64
42731 28.435 -1622.64
22473 32.435 -1618.64
14182 16.435 -1634.64
13322 14.435 -1636.64
3452 6.435 -1644.64
37078 22.435 -1628.64
22497 12.435 -701.185
8643 4.435 -709.185
63845 8.435 -705.185
15144 14.435 17.815
55373 30.435 33.815
2151 36.435 39.815
48828 24.435 27.815
62103 20.435 23.815
58833 3.435 6.815
47062 8.435 11.815
7903 28.435 924.815
20310 30.435 926.815
45887 32.435 928.815
36881 29.435 925.815
33508 35.435 931.815
35503 23.435 919.815
43162 13.435 909.815
39773 7.435 903.815
23122 19.435 915.815
19144 3.435 1612.27
57011 30.615 8236.06
65485 36.615 8242.06
32690 29.615 8235.06
64882 25.615 8231.06
23951 14.615 8220.06
57449 8.615 8214.06
16213 17.615 8223.06
58921 21.615 8227.06
18103 24.935 6389.13
37584 26.935 6391.13
49971 10.935 6375.13
4833 32.935 6397.13
23066 16.935 6381.13
11859 8.934999999999999 6373.13
25456 312.365 5239.73
3009 296.365 5223.73
24641 290.365 5217.73
22423 302.365 5229.73
4565 306.365 5233.73
32210 529.525 -4389.48
21678 545.525 -4373.48
62694 498.455 4121.85
45227 502.455 4125.85
24377 514.4549999999999 4137.85
56803 492.455 4115.85
11364 520.9549999999999 7220.78
43684 510.955 7210.78
59766 532.9549999999999 7232.78
38246 541.375 -7123.07
60989 557.375 -7107.07
63039 551.375 -7113.07
35233 545.375 -7119.07
51213 535.375 -7129.07
36107 529.375 -7135.07
50826 552.555 -6321.13
18174 556.555 -6317.13
43000 540.555 -6333.13
12913 546.555 -6327.13
10115 536.555 -6337.13
49806 568.025 3989.51
63649 554.025 3975.51
17383 570.045 6707.04
58545 582.045 6719.04
14813 592.045 6729.04
52099 607.435 1270.79
14090 613.435 1276.79
4207 601.435 1264.79
22893 623.435 1286.79
24472 617.435 1280.79
53042 629.435 1292.79
16167 601.435 2109.26
10829 615.435 2123.26
35179 625.375 366.315
60532 633.375 374.315
9009 629.375 370.315
49343 637.195 7976.69
36761 645.195 7984.69
1159 643.195 7982.69
43413 665.195 8004.69
3319 661.195 8000.69
12878 649.195 7988.69
44207 659.195 7998.69
17201 650.295 5870.29
48807 652.555 4732.29
41967 672.085 1947.77
17546 692.085 1967.77
21634 682.085 1957.77
40705 742.345 -8062.92
36226 738.345 -8066.92
40609 731.345 -8073.92
12439 730.345 -8074.92
22090 733.345 -8071.92
5972 739.345 -8065.92
36412 735.345 -8069.92
53732 748.345 -8056.92
21460 754.345 -8050.92
8833 727.345 -8077.92
57565 731.915 -1233.14
2348 751.915 -1213.14
44788 741.915 -1223.14
60002 739.725 5401.71
52632 745.725 5407.71
36222 749.725 5411.71
47030 755.725 5417.71
30155 761.725 5423.71
34907 776.515 -2012.88
28424 772.515 -2016.88
45067 790.515 -1998.88
60247 768.825 -1635.07
3992 794.925 -420.185
49807 792.925 -422.185
37575 788.925 -426.185
918 795.925 -419.185
28221 791.925 -423.185
24643 785.925 -429.185
45456 779.925 -435.185
56153 801.925 -413.185
11688 807.925 -407.185
8544 901.755 7475.25
40126 986.655 -7067.05
3359 1014.655 -7039.05
15400 1000.655 -7053.05
29185 1017.235 6432.04
58803 993.235 6408.04
32059 1001.235 6416.04
56116 1024.39 1496.77
19501 1063.6 -7490.3
11551 1067.6 -5543.36
42795 1075.73 -5350.29
13753 1069.73 -5356.29
7503 1083.73 -5342.29
4432 1081.73 -5344.29
65203 1085.73 -5340.29
48514 1097.73 -5328.29
27163 1091.73 -5334.29
22315 1067.73 -5358.29
38772 1148.35 7055.61
32053 1156.35 7063.61
19730 1132.35 7039.61
63067 1162.06 -6388.42
50472 1166.06 -6384.42
22972 1148.06 -6402.42
6580 1172.56 4529.27
43988 1285.22 -7758.65
19287 1344.69 -20.685
61875 1324.69 -40.685
49379 1334.69 -30.685
33545 1363.2 -778.255
8948 1370.46 -4501.31
8930 1392.69 1947.77
18402 1412.69 1967.77
42041 1402.69 1957.77
60204 1441.43 847.605
17814 1437.43 843.605
8348 1419.43 825.605
6534 1421.43 827.605
20812 1425.43 831.605
19506 1445.43 851.605
44103 1429.43 835.605
32091 1435.43 841.605
57736 1471.51 -1213.14
65097 1461.51 -1223.14
7594 1451.51 -1233.14
17849 1490.21 -1789.14
21602 1474.21 -1805.14
33911 1466.21 -1813.14
57615 1482.21 -1797.14
19711 1479.76 5870.29
15167 1530.02 -7201.07
24872 1526.02 -7205.07
34506 1512.02 -7219.07
46092 1580.17 -1498.64
18033 1568.17 -1510.64
58541 1592.76 6296.09
6633 1570.76 6274.09
24772 1564.76 6268.09
26456 1586.76 6290.09
24721 1578.76 6282.09
18663 1596.8 -6341.4
48823 1741.76 5504.17
41047 1713.76 5476.17
8566 1720.76 5483.17
34510 1736.76 5499.17
50041 1728.76 5491.17
42720 1719.76 5482.17
11651 1734.19 4298.82
27659 1752.43 -4352.09
23540 1760.96 187.815
61982 1835.43 -4780.4
49047 1849.43 -4766.4
51517 1853.43 -4762.4
56807 1866.44 6955.13
59016 1860.44 6949.13
15021 1872.44 6961.13
15437 1876.44 6965.13
33725 1856.44 6945.13
29937 1848.44 7475.25
50679 1848.44 7819.13
238 1897.97 3564.33
11497 1907.97 3574.33
30471 1990.34 -418.685
34579 1980.34 -428.685
40100 2002.34 -406.685
51786 2118.46 -442.185
28574 2132.46 -428.185
13961 2101.86 -7217.07
62697 2097.86 -7221.07
26557 2115.86 -7203.07
17236 2097.86 -6723.19
7641 2101.86 -6719.19
62577 2115.86 -6705.19
37887 2122.5 4560.03
17934 2100.5 4538.03
29359 2094.5 4532.03
63727 2110.5 4548.03
29171 2147.73 -5867.63
30658 2141.73 -5873.63
31103 2119.73 -5895.63
25409 2133.73 -5881.63
9171 2134.67 6280.4
39530 2140.67 6286.4
36704 2126.67 6272.4
54872 2150.67 6296.4
1382 2144.67 6290.4
9370 2145.69 -7773.65
44360 2151.69 -7767.65
6685 2157.69 -7761.65
29381 2161.69 -7757.65
48778 2156.91 -3505.75
51923 2178.91 -3483.75
5408 2273.01 4083.73
12189 2340.51 -4501.73
5875 2344.51 -4497.73
9788 2326.51 -4515.73
42161 2347.57 4940.94
26365 2353.57 4946.94
12415 2375.57 4968.94
7187 2361.57 4954.94
36736 2369.57 4962.94
31137 2381.17 279.495
35737 2385.17 283.495
47471 2367.17 265.495
20010 2389.5 5870.29
10808 2391.31 5497.63
37671 2405.51 -4102.42
34191 2436.22 6973.58
60529 2424.22 6961.58
33582 2414.22 6951.58
46344 2478.13 3705.31
29089 2472.13 3699.31
36687 2450.13 3677.31
930 2466.13 3693.31
56855 2456.13 3683.31
13231 2462.13 3689.31
23950 2529.85 -6130.73
58198 2531.85 -5465.4
14209 2541.85 -5455.4
21170 2537.85 -5459.4
58603 2553.85 -5443.4
11784 2555.85 -4997.4
4105 2541.85 -5011.4
127 2537.85 -5015.4
32710 2567.89 -5578.94
38176 2655.89 -5490.94
49651 2535.89 -5610.94
41635 2553.89 -5592.94
27592 2630.88 -7912.6
44924 2642.88 -7900.6
55114 2620.88 -7922.6
39085 2627.64 4191.98
49969 2712.79 6284.13
55392 2724.79 6296.13
53002 2696.79 6268.13
4944 2702.79 6274.13
55085 2718.79 6290.13
18703 2708.79 6280.13
55247 2740.09 -3639.52
63799 2732.09 -3647.52
61320 2756.09 -3623.52
18865 2748.09 -3631.52
31703 2757.26 -4226.48
56589 2801.57 4936.94
15085 2830.44 8111.65
54268 2818.44 8099.65
56231 2814.44 8095.65
2392 2816.44 8097.65
13807 2832.44 8113.65
33089 2834.44 8115.65
49547 2808.44 8089.65
6363 2807.75 7475.25
44683 2844.17 -1627.81
45035 2855.17 1653.43
39821 2861.17 1659.43
50459 2844.17 1642.43
27709 2880.54 -6814.73
28887 2876.54 -6818.73
38849 2870.54 -6824.73
22647 2892.54 -6802.73
64612 2956.27 -5890.27
32942 2972.27 -5874.27
64239 2950.27 -5896.27
22407 2978.27 -5868.27
63207 2966.27 -5880.27
19098 2962.27 -5884.27
19388 2976.05 6977.58
23852 2972.05 6973.58
32519 2960.05 6961.58
26188 2956.05 6957.58
52090 2950.05 6951.58
27415 2983.07 -5105.78
38129 3052.59 -1855.96
36874 3053.77 5706.77
51219 3131.26 -7369.75
13232 3139.26 -7361.75
9567 3147.26 -7353.75
5296 3260.1 -6760.09
33310 3146.1 -6874.09
43787 3211.88 4879.94
29379 3199.88 4867.94
52230 3189.88 4857.94
37175 3293.26 -4745.75
36371 3281.26 -4757.75
11200 3277.26 -4761.75
25439 3271.26 -4767.75
16970 3265.26 -4773.75
63139 3306.94 3671.54
23471 3418.44 5102.29
52423 3366.44 6450.04
40287 3342.44 6426.04
570 3358.44 6442.04
15027 3342.16 5540.27
4036 3365.06 -6571.0
15228 3373.06 -6563.0
47306 3349.06 -6587.0
32345 3363.0 -6155.42
444 3491.83 2689.2
52904 3539.83 2737.2
2094 3414.83 2612.2
21301 3415.41 -3704.5
465 3425.77 1647.33
55307 3497.51 3985.42
64241 3485.51 3973.42
26471 3478.51 3966.42
15837 3475.51 3963.42
40743 3492.51 3980.42
51801 3531.29 -5262.9
14745 3521.29 -5272.9
53573 3511.29 -5282.9
41476 3580.1 -8232.75
16243 3560.1 -8252.75
52031 3554.1 -8258.75
52848 3584.1 -8228.75
27879 3556.1 -8256.75
39521 3570.1 -8242.75
40840 3578.1 -8234.75
49779 3572.1 -8240.75
29552 3576.1 -8236.75
48878 3562.1 -8250.75
51524 3564.1 -8248.75
51146 3568.1 -8244.75
57746 3599.96 -3976.63
52095 3598.96 -3977.63
57044 3589.96 -3986.63
62490 3609.96 -3966.63
10511 3584.96 -3991.63
45838 3671.66 -1560.45
8640 3679.66 -1552.45
45272 3691.66 -1540.45
45033 3672.18 5047.19
53324 3664.18 5039.19
15344 3684.18 5059.19
24496 3688.86 115.815
39861 3668.86 95.815
42006 3696.26 -7152.65
18661 3700.26 -7148.65
44102 3714.26 -7134.65
10153 3702.13 -5959.63
40135 3805.25 7217.75
9262 3795.25 7207.75
65093 3817.25 7229.75
59370 3872.19 1621.91
63795 3806.19 1555.91
54142 3830.14 2635.82
64265 3872.8 612.095
6799 3892.8 632.095
63194 3882.8 622.095
63639 3933.76 -2581.76
64501 3895.76 -2619.76
46136 3891.76 -2623.76
58649 3885.76 -2629.76
62069 3901.76 -2613.76
31583 3907.76 -2607.76
1600 3879.76 -2635.76
38344 3890.64 1654.52
65033 3902.64 1666.52
10017 3896.64 1660.52
41250 3886.64 1650.52
41536 3906.64 1670.52
62712 3880.64 1644.52
6542 3880.93 2613.82
60803 3906.93 2639.82
94 3886.93 2619.82
29870 3896.93 2629.82
56149 3890.93 2623.82
720 3902.93 2635.82
11334 4012.59 -2401.88
15549 3904.59 -2509.88
8620 3932.07 7787.13
27325 3922.07 7777.13
41595 3942.07 7797.13
48477 3953.81 -1592.45
23507 3959.81 -1586.45
57248 3965.81 -1580.45
41689 4005.81 -1540.45
27276 3949.81 -1596.45
62831 3943.81 -1602.45
51220 3969.81 -1576.45
58968 3960.22 -729.835
37663 3968.22 -721.835
44988 3976.22 -713.835
39524 3962.84 -239.485
23439 3954.84 -247.485
9015 3978.84 -223.485
56075 3955.07 -7624.75
34625 3980.96 4700.27
46106 3984.96 4704.27
12068 3966.96 4686.27
16851 3972.96 4692.27
47743 3960.96 4680.27
3469 4037.96 5108.19
49639 4043.07 260.655
37147 4070.13 9719.12
52522 4113.56 -5761.84
11716 4129.56 -5745.84
42744 4137.56 -5737.84
45608 4121.56 -5753.84
63754 4177.23 -9311.08
34678 4206.25 6341.4
26528 4198.25 6333.4
58271 4190.25 6325.4
19069 4182.25 6317.4
49605 4216.21 -7241.65
50382 4218.21 -6574.83
6616 4240.21 -6552.83
48093 4244.21 -6548.83
44824 4234.21 -6558.83
16743 4228.21 -6564.83
34560 4224.21 -6568.83
52157 4218.78 -2222.54
31371 4235.9 -3821.32
40751 4239.9 -3817.32
6233 4221.9 -3835.32
57199 4288.04 6964.23
61327 4268.04 6944.23
51404 4278.04 6954.23
5237 4260.04 7475.25
50338 4299.23 1638.78
6538 4299.25 523.095
38662 4299.25 1060.17
61306 4299.25 3274.2
17421 4301.25 4128.36
29104 4311.25 4138.36
51440 4323.25 4150.36
9355 4301.1 -487.965
49978 4301.17 6.815
4011 4301.65 -1111.45
35853 4312.13 9226.16
63620 4353.27 5387.67
65210 4390.25 2139.71
25178 4406.25 2155.71
57240 4412.25 2161.71
9373 4400.25 2149.71
32117 4396.25 2145.71
48099 4384.25 2133.71
40132 4410.04 7813.4
58854 4406.04 7809.4
1891 4407.88 -2582.81
59009 4407.88 -1877.68
22618 4441.23 -7524.79
21033 4433.23 -7532.79
58194 4497.73 -8845.99
20546 4625.4 -2856.85
35894 4558.21 -2868.84
5823 4560.21 -1604.45
42178 4632.04 7475.25
32227 4657.34 -783.395
64509 4673.34 -767.395
3863 4667.34 -773.395
20167 4679.34 -761.395
36877 4675.34 291.265
7136 4659.34 275.265
22488 4667.34 283.265
17788 4675.34 810.685
42133 4649.34 784.685
57259 4671.34 806.685
50690 4659.34 794.685
62094 4659.31 -242.355
3634 4683.31 -218.355
41819 4675.31 -226.355
21835 4703.92 -2582.81
9877 4709.92 -1877.68
23438 4731.27 3797.82
16602 4741.27 3807.82
41137 4721.27 3787.82
25134 4748.0 8550.45
14157 4766.38 -3662.89
28758 4760.38 -3668.89
39443 4770.38 -3658.89
56276 4750.38 -3678.89
6615 4795.06 -7229.65
5022 4809.06 -7215.65
44339 4815.06 -7209.65
63439 4810.31 6048.6
43608 4820.31 6058.6
63921 4832.31 6070.6
20852 4874.82 -4744.52
6785 4884.82 -4734.52
36585 4896.82 -4722.52
42649 4890.82 -4728.52
64709 4883.75 4207.29
18756 4908.73 -8137.76
25058 4893.38 -2222.54
41380 4930.4 1642.78
57819 4935.4 1647.78
6654 4939.4 1651.78
6913 4942.4 1654.78
42964 4952.4 1664.78
65224 4926.4 1638.78
55571 4995.5 -6414.88
12143 5005.5 -6404.88
28859 5015.5 -6394.88
4656 5062.25 5201.05
22217 5054.25 5193.05
6383 5078.25 5217.05
59866 5070.25 5209.05
8938 5110.28 6.815
2715 5114.08 2624.5
3187 5140.08 2650.5
903 5120.08 2630.5
30894 5136.08 2646.5
18670 5124.08 2634.5
15842 5130.08 2640.5
57194 5153.5 9253.52
53574 5139.85 3548.17
26002 5133.85 3542.17
7659 5143.85 3552.17
25738 5149.85 3558.17
25766 5170.75 4689.75
32802 5182.75 4701.75
16236 5160.75 4679.75
30679 5190.54 6394.33
5622 5214.54 7053.98
25209 5218.54 7057.98
30626 5192.54 7031.98
6 5200.54 7039.98
62795 5253.84 -405.825
56090 5269.84 -389.825
49408 5259.84 -399.825
4219 5275.84 -383.825
48698 5279.84 -379.825
45593 5279.84 470.095
12801 5253.84 444.095
53114 5275.84 466.095
25067 5269.84 460.095
31315 5263.84 454.095
33783 5312.6 -4303.57
4502 5298.6 -4317.57
31973 5294.63 -6978.9
14674 5314.63 -6958.9
6250 5308.63 -6964.9
30767 5302.63 -6970.9
22535 5318.63 -6954.9
34013 5313.73 -8841.99
46965 5351.48 -2868.84
28754 5354.48 -2865.84
35283 5380.48 -2839.84
10763 5360.48 -2859.84
21575 5376.48 -2843.84
40644 5364.48 -2855.84
42686 5370.48 -2849.84
60949 5361.48 -2858.84
7920 5377.48 -2842.84
46289 5376.48 -1579.45
30338 5364.48 -1591.45
51212 5370.48 -1585.45
58069 5377.48 -1578.45
42623 5361.48 -1594.45
30205 5380.48 -1575.45
54338 5360.48 -1595.45
33903 5354.48 -1601.45
60737 5351.48 -1604.45
9769 5418.8 -5218.17
49515 5406.8 -5230.17
24067 5396.8 -5240.17
62791 5409.6 -4327.57
44470 5442.51 9687.49
38520 5481.85 -3700.67
47321 5497.85 -3684.67
265 5485.85 -3696.67
56648 5475.85 -3706.67
60440 5485.88 -6503.88
5018 5487.88 -6126.54
45810 5493.88 -6120.54
13168 5497.88 -6116.54
11984 5511.88 -6102.54
58032 5503.88 -6110.54
51233 5554.0 8543.45
54600 5539.23 -9350.08
45788 5541.65 -791.395
2121 5549.65 -783.395
28503 5565.65 -767.395
12794 5595.48 5280.19
30455 5601.48 5286.19
28658 5579.48 5264.19
14804 5585.48 5270.19
41119 5607.48 5292.19
11678 5649.82 6503.33
44306 5645.82 6499.33
8458 5639.82 6493.33
52288 5625.82 6479.33
31513 5631.82 6485.33
52714 5625.38 -159.685
60180 5625.38 173.315
11239 5632.71 791.105
11455 5643.31 -6776.57
24452 5725.73 -8132.76
1201 5715.94 2133.71
45491 5727.94 2145.71
7085 5737.94 2155.71
41866 5780.58 2652.82
60942 5816.58 2688.82
36801 5765.58 3923.82
19228 5741.58 3899.82
3362 5749.58 3907.82
529 5757.58 3915.82
3656 5917.73 -2864.8
58244 5937.73 -2844.8
59252 5913.73 -487.945
59606 5913.96 6.815
13885 5937.98 -1580.45
28012 5957.98 -1560.45
39718 5916.07 523.095
27283 5942.07 1579.17
5616 5920.07 1557.17
22266 5970.17 5493.58
58210 6001.25 -6564.38
19008 5977.25 -6588.38
11689 5983.25 -6582.38
62970 5993.25 -6572.38
46904 5987.25 -6578.38
31508 5999.85 1638.78
37504 5999.85 2611.82
9786 6083.17 6029.19
4573 6055.17 6001.19
33558 6077.17 6023.19
3309 6069.17 6015.19
41989 6071.73 -2222.54
35313 6086.01 8485.45
51420 6128.13 4598.13
49481 6140.13 4610.13
65053 6118.13 4588.13
24050 6143.15 -2868.8
46408 6143.15 -1604.45
18769 6194.98 -4866.82
61653 6170.98 -4890.82
38190 6178.98 -4882.82
1822 6186.98 -4874.82
46896 6215.51 -4301.57
4973 6205.51 -4311.57
5129 6209.51 -4307.57
9864 6199.51 -4317.57
59482 6191.51 -4325.57
27962 6209.51 -3687.94
31501 6205.51 -3691.94
59556 6191.51 -3705.94
27819 6256.75 -8190.76
39814 6256.55 -5708.25
27190 6266.55 -5698.25
25770 6276.55 -5688.25
47362 6259.04 -1878.44
1767 6264.04 -2582.81
19210 6316.06 -754.435
43316 6294.06 -776.435
47065 6304.06 -766.435
54868 6318.06 -252.035
39938 6294.06 -276.035
45360 6312.06 -258.035
57030 6308.06 -262.035
9535 6302.06 -268.035
56814 6316.06 860.125
46694 6324.06 868.125
43457 6296.06 840.125
11850 6310.06 854.125
17608 6302.06 846.125
4481 6294.69 384.795
56646 6312.69 402.795
25511 6308.69 398.795
63843 6401.58 2129.71
7112 6406.54 -2222.54
16882 6436.53 5602.58
43491 6432.53 5598.58
14400 6412.53 5578.58
41420 6418.53 5584.58
33196 6530.09 3297.25
13202 6524.09 3291.25
17171 6520.09 3287.25
43385 6508.09 3275.25
58474 6536.09 3303.25
34763 6621.3 -6212.5
30110 6633.3 -6200.5
42907 6627.3 -6206.5
53013 6637.3 -6196.5
50150 6717.21 4007.05
45436 6721.21 4011.05
64878 6711.21 4001.05
30969 6705.21 3995.05
32477 6701.21 3991.05
36281 6695.21 3985.05
32555 6693.21 4667.13
36858 6711.3 -5797.25
61981 6727.3 -5026.82
60405 6713.3 -5040.82
25757 6719.3 -5034.82
47507 6731.3 -5022.82
49929 6737.3 -5016.82
25789 6809.63 -4415.19
54452 6837.63 -4387.19
43328 6815.63 -4409.19
59699 6821.63 -4403.19
15852 6831.63 -4393.19
14292 6842.36 2138.82
38348 6862.36 2158.82
16079 6846.36 2142.82
21758 6858.36 2154.82
48614 6852.36 2148.82
37619 6860.94 1581.78
64235 6848.94 1569.78
24133 6838.94 1559.78
19858 6854.94 2711.91
36221 6844.94 2701.91
9206 6864.94 2721.91
23616 6872.46 -6076.38
32176 6904.67 -3390.68
60259 6884.67 -3410.68
11018 6890.67 -3404.68
38995 6880.67 -999.92
8012 6874.67 -1005.92
8001 6892.67 -987.92
54922 6873.34 4959.02
63228 6933.46 -2941.8
49308 6949.46 -2925.8
42804 6941.46 -2933.8
53213 6952.46 -2195.54
3314 6938.46 -2209.54
27656 6936.46 -2211.54
42443 6944.46 -2203.54
25411 6928.46 -2219.54
3537 6954.46 -2193.54
40362 6953.46 -1495.45
25260 6937.46 -1511.45
27788 6929.46 -1519.45
21693 7161.0 -5895.23
5613 7157.0 -5899.23
38539 7151.0 -5905.23
54713 7145.0 -5911.23
64769 7157.53 3435.75
23449 7149.53 3427.75
36849 7163.53 3441.75
23886 7169.53 3447.75
7263 7173.53 3451.75
29454 7201.98 876.355
62744 7195.98 870.355
18770 7207.98 882.355
63251 7211.98 886.355
1461 7215.0 30.795
53456 7201.69 -4559.48
2959 7204.4 -5283.82
56186 7212.4 -5275.82
11162 7220.4 -5267.82
5802 7232.56 -556.945
3424 7222.56 -566.945
1405 7244.56 -544.945
9469 7275.19 1799.65
59220 7279.19 1803.65
65502 7269.19 1793.65
57080 7275.19 2481.92
42104 7279.19 2485.92
49621 7285.19 2491.92
31585 7341.17 357.025
3676 7333.17 349.025
17790 7325.17 341.025
35255 7364.98 -3542.49
23407 7393.5 -217.735
18707 7431.61 -2704.75
1427 7435.61 -2700.75
51235 7409.61 -2726.75
35851 7431.61 -1701.33
60592 7425.61 -1707.33
47484 7435.61 -1697.33
24426 7469.86 -4880.42
18182 7684.0 -3341.7
56295 7684.0 -2222.56
46277 7684.0 -1088.96
49900 7684.0 -487.985
36287 7684.0 939.335
20807 7684.0 2136.2
12412 7684.0 3504.79
42632 7696.0 4246.94
27444 7692.0 4242.94
4750 7712.0 4262.94
58288 7708.0 4258.94
63618 7686.0 4236.94
15290 7702.0 4252.94
40409 7808.69 -4548.48
4546 7814.69 -4542.48
9055 7810.69 -4546.48
33777 7806.69 -4550.48
1655 7818.69 -4538.48
8027 7823.69 -4533.48
2260 7824.69 -4532.48
35334 7799.69 -4557.48
29549 7822.69 -4534.48
61689 7816.69 -4540.48
54307 7972.21 1464.53
23334 8041.44 50.815
6797 8049.44 58.815
55414 8182.54 -2663.15
22261 8186.54 -2659.15
56174 8156.54 -2689.15
38864 8158.54 -2687.15
47422 8180.54 -2665.15
44134 8178.54 -2667.15
11489 8174.54 -2671.15
8920 8172.54 -2673.15
36490 8164.54 -2681.15
36225 8174.54 -1726.19
30745 8170.54 -1730.19
49568 8172.54 -1728.19
17908 8180.54 -1720.19
25775 8186.54 -1714.19
5629 8178.54 -1722.19
35384 8182.54 -1718.19
15614 8164.54 -1736.19
54791 8156.54 -1744.19
11811 8189.57 -550.945
20127 8173.57 -566.945
1648 8195.57 -544.945
31359 8181.57 -558.945
37785 8199.57 -540.945
12824 8226.29 -3607.07
45827 8224.29 -3609.07
28753 8222.29 -3611.07
55380 8230.29 -3603.07
30319 8221.29 -3612.07
54574 8200.29 -3633.07
59605 8202.29 -3631.07
54974 8206.29 -3627.07
32432 8213.29 -3620.07
21297 8208.29 -3625.07
39665 8312.0 2157.19
38149 8318.0 2163.19
32514 8294.0 2139.19
55750 8320.0 2165.19
2185 8316.0 2161.19
23912 8310.0 2155.19
12948 8324.0 2169.19
51881 8304.0 2149.19
49459 8300.0 2145.19
59151 8300.0 3513.79
12720 8324.0 3537.79
29856 8316.0 3529.79
1698 8312.0 3525.79
1568 8304.0 3517.79
54354 8318.0 3531.79
6108 8310.0 3523.79
56509 8294.0 3507.79
52213 8320.0 3533.79
45329 8310.43 958.265
7069 8301.43 949.265
10843 8318.43 966.265
33374 8317.43 965.265
31222 8324.43 972.265
38947 8312.43 960.265
21228 8294.43 942.265
51953 8309.43 957.265
7609 8293.43 941.265
48132 8834.45 156.815
35926 9233.95 -554.265
50179 9245.95 865.895
36414 9459.95 -1063.22
56439 9534.96 1299.85
33833 9646.45 155.815
10643 10178.5 97.815
